county_fips
01015
01043
01049
01055
01073
01083
01089
01095
01103
01115
01117
01121
02020
02090
02170
04003
04005
04013
04017
04019
04021
04025
05007
05031
05045
05051
05069
05085
05119
05125
05131
05143
05145
06001
06007
06013
06017
06019
06029
06033
06037
06039
06041
06047
06053
06055
06057
06059
06061
06065
06067
06071
06073
06075
06077
06079
06081
06083
06085
06087
06095
06097
06099
06101
06111
06113
06115
08001
08005
08013
08014
08031
08035
08059
08069
08123
09001
09003
09005
09007
09009
09011
09013
09015
10001
10003
11001
12001
12009
12011
12015
12017
12019
12021
12031
12033
12035
12053
12057
12061
12069
12071
12073
12081
12083
12085
12086
12087
12089
12091
12095
12097
12099
12101
12103
12105
12107
12109
12111
12113
12115
12117
12119
12127
12131
13013
13015
13021
13031
13045
13051
13057
13063
13067
13073
13077
13089
13095
13097
13113
13115
13117
13121
13127
13135
13139
13151
13153
13157
13185
13217
13223
13245
13247
13255
13285
13297
13313
15001
15003
15007
15009
16001
16027
16055
16083
17019
17031
17037
17043
17089
17091
17093
17097
17099
17111
17119
17163
17197
17201
18005
18011
18019
18043
18057
18059
18063
18081
18095
18097
18109
18177
19049
19153
19155
19169
20091
20103
20209
21015
21029
21037
21067
21111
21117
21151
21185
22005
22033
22051
22063
22071
22103
22105
23001
23003
23005
23011
23019
23031
24001
24003
24005
24009
24013
24015
24017
24021
24025
24027
24031
24033
24037
24043
24510
25001
25005
25009
25013
25017
25021
25023
25025
25027
26005
26017
26021
26025
26037
26045
26049
26065
26075
26077
26081
26087
26091
26093
26099
26111
26115
26121
26125
26139
26145
26147
26155
26159
26161
26163
27003
27019
27035
27037
27053
27109
27123
27131
27139
27141
27145
27163
27171
28033
28047
28049
28059
28089
28121
29021
29031
29037
29047
29071
29095
29099
29165
29183
29187
29189
29510
31055
31109
31153
32003
32031
33005
33009
33011
33013
33015
33017
34001
34003
34005
34007
34009
34011
34013
34015
34017
34019
34021
34023
34025
34027
34029
34031
34033
34035
34037
34039
34041
35049
36001
36005
36009
36011
36013
36027
36029
36045
36047
36051
36053
36055
36059
36063
36065
36067
36069
36071
36075
36079
36081
36083
36085
36087
36091
36093
36101
36103
36105
36111
36113
36117
36119
37001
37021
37025
37037
37057
37063
37067
37069
37071
37081
37085
37089
37097
37101
37109
37119
37125
37135
37151
37157
37159
37161
37171
37179
37183
37193
39003
39007
39009
39017
39023
39025
39029
39035
39041
39043
39045
39049
39055
39057
39061
39063
39085
39089
39093
39095
39099
39101
39103
39109
39113
39119
39133
39141
39151
39153
39155
39165
39169
39173
40017
40027
40037
40101
40109
40119
40125
40131
40143
40145
41003
41005
41017
41019
41029
41033
41035
41039
41043
41047
41051
41053
41059
41067
41071
42001
42003
42005
42007
42011
42017
42019
42029
42041
42043
42045
42051
42055
42063
42069
42071
42073
42075
42077
42085
42091
42095
42101
42107
42111
42125
42129
42133
44003
44005
44007
44009
45003
45007
45013
45015
45019
45035
45041
45045
45047
45051
45057
45059
45073
45075
45077
45083
45091
47001
47009
47011
47037
47093
47119
47125
47141
47147
47149
47155
47157
47165
47187
47189
48021
48027
48029
48037
48039
48085
48091
48099
48113
48121
48139
48141
48157
48167
48181
48187
48201
48209
48213
48215
48231
48251
48257
48291
48339
48367
48397
48439
48441
48453
48469
48471
48491
48497
49005
49011
49035
49045
49049
49053
49057
50007
51013
51041
51059
51061
51069
51085
51087
51107
51153
51177
51179
51199
51510
51550
51650
51700
51710
51740
51760
51800
51810
53007
53009
53011
53015
53025
53027
53029
53033
53035
53041
53045
53053
53057
53061
53063
53067
53073
54003
55009
55025
55027
55035
55039
55055
55059
55063
55071
55073
55079
55087
55089
55097
55101
55105
55109
55117
55127
55131
55133
55139
55141
