01007
01009
01015
01019
01029
01043
01049
01055
01071
01073
01079
01083
01089
01095
01103
01111
01115
01117
01121
02020
02090
02122
02150
02170
04003
04005
04007
04013
04017
04019
04021
04023
04025
05005
05007
05011
05015
05019
05021
05023
05029
05031
05033
05043
05045
05049
05051
05053
05055
05059
05061
05063
05065
05069
05075
05079
05085
05087
05091
05093
05097
05105
05109
05111
05113
05115
05119
05121
05125
05129
05131
05133
05135
05137
05141
05143
05145
06001
06005
06007
06009
06011
06013
06017
06019
06021
06029
06033
06037
06039
06041
06047
06053
06055
06057
06059
06061
06065
06067
06069
06071
06073
06075
06077
06079
06081
06083
06085
06087
06095
06097
06099
06101
06111
06113
06115
08001
08003
08005
08013
08014
08015
08019
08023
08031
08035
08037
08039
08047
08059
08063
08065
08069
08073
08075
08087
08093
08103
08107
08109
08117
08121
08123
08125
09001
09003
09005
09007
09009
09011
09013
09015
10001
10003
11001
12001
12003
12007
12009
12011
12015
12017
12019
12021
12027
12031
12033
12035
12037
12039
12043
12051
12053
12057
12061
12065
12069
12071
12073
12075
12079
12081
12083
12085
12086
12087
12089
12091
12093
12095
12097
12099
12101
12103
12105
12107
12109
12111
12113
12115
12117
12119
12123
12125
12127
12129
12131
13009
13011
13013
13015
13021
13023
13029
13031
13033
13035
13039
13043
13045
13049
13051
13055
13057
13063
13067
13073
13077
13085
13089
13091
13095
13097
13103
13105
13107
13109
13111
13113
13115
13117
13119
13121
13123
13127
13129
13133
13135
13137
13139
13141
13143
13147
13149
13151
13153
13157
13159
13163
13165
13167
13169
13171
13175
13179
13181
13183
13185
13187
13189
13191
13199
13207
13211
13213
13217
13223
13225
13227
13231
13233
13235
13237
13241
13245
13247
13251
13255
13257
13267
13271
13279
13281
13285
13291
13293
13297
13303
13305
13311
13313
13317
15001
15003
15007
15009
16001
16003
16007
16009
16015
16017
16021
16027
16031
16035
16039
16041
16045
16047
16049
16053
16055
16057
16061
16063
16067
16069
16071
16073
16075
16079
16083
16085
16087
17005
17007
17013
17019
17027
17031
17037
17043
17051
17053
17063
17075
17083
17085
17089
17091
17093
17097
17099
17103
17105
17111
17119
17133
17135
17157
17163
17177
17189
17197
17201
18005
18011
18013
18019
18025
18029
18031
18043
18047
18057
18059
18061
18063
18071
18077
18079
18081
18095
18097
18107
18109
18117
18137
18139
18143
18145
18159
18177
19001
19009
19015
19029
19039
19049
19073
19077
19085
19099
19117
19121
19125
19129
19135
19137
19153
19155
19169
19181
20011
20059
20091
20103
20107
20121
20209
21005
21011
21013
21015
21017
21021
21023
21029
21037
21049
21051
21065
21067
21069
21073
21077
21079
21081
21095
21097
21109
21111
21113
21117
21121
21125
21137
21151
21161
21165
21167
21173
21175
21181
21185
21187
21191
21197
21203
21205
21209
21211
21215
21235
21239
22005
22033
22037
22047
22051
22063
22071
22075
22077
22087
22089
22093
22095
22103
22105
22117
22121
22125
23001
23003
23005
23007
23009
23011
23013
23015
23017
23019
23021
23023
23025
23027
23029
23031
24001
24003
24005
24009
24011
24013
24015
24017
24019
24021
24023
24025
24027
24029
24031
24033
24035
24037
24041
24043
24510
25001
25005
25007
25009
25013
25017
25019
25021
25023
25025
25027
26005
26015
26017
26021
26023
26025
26027
26037
26045
26049
26057
26059
26065
26067
26075
26077
26081
26085
26087
26091
26093
26099
26101
26105
26107
26111
26115
26117
26121
26123
26125
26127
26133
26139
26145
26147
26149
26151
26155
26157
26159
26161
26163
27001
27003
27005
27007
27009
27011
27015
27019
27021
27023
27025
27029
27033
27035
27037
27039
27041
27043
27045
27047
27049
27051
27053
27055
27057
27059
27061
27063
27065
27067
27071
27073
27077
27079
27083
27085
27089
27091
27093
27095
27097
27099
27101
27105
27109
27111
27113
27115
27117
27121
27123
27127
27129
27131
27133
27135
27139
27141
27143
27145
27147
27149
27151
27153
27157
27159
27161
27163
27169
27171
27173
28029
28033
28039
28041
28045
28047
28049
28059
28079
28089
28093
28107
28109
28121
28123
28127
28131
28137
28163
29003
29013
29017
29021
29023
29025
29031
29037
29047
29049
29055
29061
29063
29065
29071
29073
29093
29095
29099
29101
29107
29113
29123
29125
29139
29157
29161
29163
29165
29169
29177
29181
29183
29186
29187
29189
29201
29207
29215
29217
29219
29221
29510
31025
31053
31055
31067
31095
31109
31151
31153
31155
31177
32001
32003
32005
32013
32015
32017
32019
32021
32023
32029
32031
32033
32510
33001
33003
33005
33007
33009
33011
33013
33015
33017
33019
34001
34003
34005
34007
34009
34011
34013
34015
34017
34019
34021
34023
34025
34027
34029
34031
34033
34035
34037
34039
34041
35028
35049
35053
36001
36003
36005
36009
36011
36013
36023
36027
36029
36035
36037
36043
36045
36047
36049
36051
36053
36055
36057
36059
36061
36063
36065
36067
36069
36071
36073
36075
36079
36081
36083
36085
36087
36091
36093
36095
36099
36101
36103
36105
36111
36113
36115
36117
36119
36121
36123
37001
37003
37007
37021
37025
37033
37037
37039
37043
37057
37059
37063
37067
37069
37071
37077
37081
37085
37087
37089
37097
37101
37105
37109
37111
37113
37115
37119
37121
37123
37125
37135
37145
37149
37151
37157
37159
37161
37167
37169
37171
37179
37181
37183
37193
37197
37199
39001
39003
39005
39007
39009
39011
39015
39017
39019
39021
39023
39025
39027
39029
39031
39035
39037
39039
39041
39043
39045
39047
39049
39051
39055
39057
39061
39063
39065
39069
39071
39073
39075
39077
39083
39085
39089
39091
39093
39095
39097
39099
39101
39103
39107
39109
39113
39117
39119
39123
39125
39127
39129
39133
39135
39137
39141
39143
39147
39149
39151
39153
39155
39159
39165
39169
39171
39173
39175
40001
40005
40013
40015
40017
40019
40021
40027
40035
40037
40041
40051
40061
40063
40073
40079
40081
40083
40085
40087
40091
40095
40097
40099
40101
40105
40107
40109
40111
40113
40117
40119
40121
40123
40125
40131
40133
40135
40143
40145
40147
41001
41003
41005
41009
41011
41013
41015
41017
41019
41023
41027
41029
41031
41033
41035
41039
41043
41045
41047
41049
41051
41053
41059
41061
41063
41065
41067
41071
42001
42003
42005
42007
42011
42017
42019
42029
42041
42043
42045
42051
42055
42057
42059
42063
42067
42069
42071
42073
42075
42077
42085
42091
42095
42099
42101
42107
42111
42115
42125
42129
42131
42133
44001
44003
44005
44007
44009
45001
45003
45007
45013
45015
45019
45021
45023
45027
45029
45035
45037
45041
45043
45045
45047
45051
45057
45059
45065
45067
45071
45073
45075
45077
45083
45087
45089
45091
47001
47003
47007
47009
47011
47013
47015
47021
47025
47029
47031
47035
47037
47043
47047
47049
47051
47055
47057
47061
47063
47069
47071
47073
47081
47083
47085
47089
47093
47097
47099
47101
47103
47105
47107
47109
47111
47117
47119
47121
47123
47125
47127
47129
47135
47139
47141
47143
47145
47147
47149
47151
47155
47157
47161
47165
47167
47169
47173
47177
47181
47185
47187
47189
48013
48015
48019
48021
48027
48029
48031
48037
48039
48049
48053
48055
48059
48067
48071
48083
48085
48089
48091
48093
48097
48099
48113
48119
48121
48123
48133
48139
48141
48143
48147
48149
48157
48167
48175
48177
48181
48187
48193
48201
48207
48209
48213
48215
48217
48221
48223
48225
48231
48237
48251
48253
48257
48259
48281
48285
48287
48291
48299
48325
48331
48333
48337
48339
48349
48363
48367
48397
48407
48425
48427
48429
48439
48441
48453
48463
48469
48471
48473
48477
48481
48491
48493
48497
48503
49003
49005
49007
49011
49013
49015
49019
49021
49023
49027
49029
49033
49035
49037
49039
49041
49043
49045
49047
49049
49051
49053
49057
50001
50003
50005
50007
50009
50011
50013
50015
50017
50019
50021
50023
50025
50027
51007
51013
51033
51036
51041
51043
51047
51049
51053
51057
51059
51061
51069
51073
51075
51085
51087
51093
51097
51099
51101
51107
51109
51113
51115
51119
51127
51133
51135
51137
51139
51145
51149
51153
51157
51171
51177
51179
51183
51187
51193
51199
51510
51550
51570
51600
51610
51620
51630
51650
51670
51683
51685
51700
51710
51730
51735
51740
51760
51800
51810
51840
53001
53003
53007
53009
53011
53013
53015
53017
53019
53025
53027
53029
53031
53033
53035
53037
53039
53041
53043
53045
53047
53049
53051
53053
53055
53057
53059
53061
53063
53065
53067
53069
53071
53073
54003
54023
54027
54031
54037
54057
54065
55001
55003
55005
55007
55009
55011
55013
55015
55017
55019
55021
55023
55025
55027
55029
55033
55035
55039
55041
55043
55045
55047
55049
55053
55055
55057
55059
55061
55063
55065
55067
55069
55071
55073
55075
55077
55078
55079
55081
55083
55085
55087
55089
55091
55093
55095
55097
55099
55101
55103
55105
55107
55109
55111
55113
55115
55117
55119
55121
55123
55127
55129
55131
55133
55135
55137
55139
55141
